# X, Y, Z, K[m/d], XXX, YYY, ZZZ
-10	0	1.75	16.15458384	11	1	1
-10	0	1.7	15.50484202	10	1	1
-10	0	1.65	10.97988307	9	1	1
-10	0	1.6	10.43407613	8	1	1
-10	0	1.55	14.68157616	7	1	1
-10	0	1.5	14.10215702	6	1	1
-10	0	1.45	21.26946211	5	1	1
-10	0	1.4	16.84282291	4	1	1
-10	0	1.35	13.25786659	3	1	1
-10	0	1.3	12.60412618	2	1	1
-10	0	1.25	7.802554176	1	1	1
-10	0	1.2	10.0476288	0	1	1
-10	0	1.15	13.27214419	1	1	1
-10	0	1.1	5.720752224	2	1	1
-10	0	1.05	4.922902656	3	1	1
-10	0	1	6.746914656	4	1	1
-10	0	0.95	5.821116192	5	1	1
-10	0	0.9	9.181454112	6	1	1
-10	0	0.85	8.685958752	7	1	1
-10	0	0.8	13.01190653	8	1	1
-10	0	0.75	8.464378176	9	1	1
-10	0	0.7	7.26169536	10	1	1
-10	0	0.65	10.57995302	11	1	1
-10	0	0.6	13.3688111	12	1	1
-10	0	0.55	12.67915075	13	1	1
-10	0	0.5	11.0640721	14	1	1
-10	0	0.45	10.98687456	15	1	1
-10	0	0.4	10.20813408	16	1	1
-10	0	0.35	10.30445971	17	1	1
-10	0	0.3	10.14689981	18	1	1
-10	0	0.25	8.891282304	19	1	1
-10	0	0.2	7.662900672	20	1	1
-10	0	0.15	8.663279616	21	1	1
-10	0	0.1	7.645244832	22	1	1
-10	0	0.05	8.464378176	23	1	1
-10	0	0	5.687481312	24	1	1
-9	0	1.75	12.14884397	11	1	2
-9	0	1.7	17.03428877	10	1	2
-9	0	1.65	18.01532102	9	1	2
-9	0	1.6	11.7617711	8	1	2
-9	0	1.55	14.21870371	7	1	2
-9	0	1.5	11.37872448	6	1	2
-9	0	1.45	18.33169104	5	1	2
-9	0	1.4	21.37221331	4	1	2
-9	0	1.35	16.00430832	3	1	2
-9	0	1.3	14.48924112	2	1	2
-9	0	1.25	13.95260208	1	1	2
-9	0	1.2	6.531566976	0	1	2
-9	0	1.15	9.065672064	1	1	2
-9	0	1.1	4.45972608	2	1	2
-9	0	1.05	5.096829312	3	1	2
-9	0	1	7.862644512	4	1	2
-9	0	0.95	9.200337696	5	1	2
-9	0	0.9	7.120249056	6	1	2
-9	0	0.85	10.0476288	7	1	2
-9	0	0.8	12.96107827	8	1	2
-9	0	0.75	9.366633504	9	1	2
-9	0	0.7	7.138850976	10	1	2
-9	0	0.65	7.340787648	11	1	2
-9	0	0.6	6.099331104	12	1	2
-9	0	0.55	6.480539136	13	1	2
-9	0	0.5	7.02973728	14	1	2
-9	0	0.45	9.528921216	15	1	2
-9	0	0.4	7.00007616	16	1	2
-9	0	0.35	5.120426016	17	1	2
-9	0	0.3	4.845829536	18	1	2
-9	0	0.25	6.321513888	19	1	2
-9	0	0.2	9.611526528	20	1	2
-9	0	0.15	8.042554368	21	1	2
-9	0	0.1	10.11122093	22	1	2
-9	0	0.05	13.65446938	23	1	2
-9	0	0	10.53344822	24	1	2
-8	0	1.75	7.614992736	11	1	3
-8	0	1.7	10.91459232	10	1	3
-8	0	1.65	13.7108929	9	1	3
-8	0	1.6	10.8546575	8	1	3
-8	0	1.55	13.82515085	7	1	3
-8	0	1.5	13.76370576	6	1	3
-8	0	1.45	14.76792432	5	1	3
-8	0	1.4	17.2165055	4	1	3
-8	0	1.35	19.2638736	3	1	3
-8	0	1.3	18.11013898	2	1	3
-8	0	1.25	16.86728621	1	1	3
-8	0	1.2	16.84282291	0	1	3
-8	0	1.15	9.206759808	1	1	3
-8	0	1.1	4.883054976	2	1	3
-8	0	1.05	5.395180608	3	1	3
-8	0	1	5.368990176	4	1	3
-8	0	0.95	8.685958752	5	1	3
-8	0	0.9	4.525702848	6	1	3
-8	0	0.85	6.480539136	7	1	3
-8	0	0.8	10.70334259	8	1	3
-8	0	0.75	12.03121123	9	1	3
-8	0	0.7	12.61610726	10	1	3
-8	0	0.65	9.155146176	11	1	3
-8	0	0.6	11.2110385	12	1	3
-8	0	0.55	11.72450938	13	1	3
-8	0	0.5	14.58019613	14	1	3
-8	0	0.45	11.8926023	15	1	3
-8	0	0.4	10.54503619	16	1	3
-8	0	0.35	6.308053632	17	1	3
-8	0	0.3	6.308053632	18	1	3
-8	0	0.25	4.503830688	19	1	3
-8	0	0.2	5.439403584	20	1	3
-8	0	0.15	6.121838304	21	1	3
-8	0	0.1	8.092770912	22	1	3
-8	0	0.05	4.45627008	23	1	3
-8	0	0	9.507266784	24	1	3
-7	0	1.75	10.86529421	12	1	4
-7	0	1.7	12.96107827	11	1	4
-7	0	1.65	16.18554182	10	1	4
-7	0	1.6	15.57763488	9	1	4
-7	0	1.55	15.8001719	8	1	4
-7	0	1.5	19.2638736	7	1	4
-7	0	1.45	19.86848006	6	1	4
-7	0	1.4	17.75081088	5	1	4
-7	0	1.35	21.68651059	4	1	4
-7	0	1.3	17.55574646	3	1	4
-7	0	1.25	13.21926739	2	1	4
-7	0	1.2	20.08010218	1	1	4
-7	0	1.15	3.16950192	0	1	4
-7	0	1.1	7.089820704	1	1	4
-7	0	1.05	6.912575424	2	1	4
-7	0	1	8.392503744	3	1	4
-7	0	0.95	7.037766432	4	1	4
-7	0	0.9	5.008065408	5	1	4
-7	0	0.85	6.547430016	6	1	4
-7	0	0.8	10.91459232	7	1	4
-7	0	0.75	13.49930534	8	1	4
-7	0	0.7	13.06313482	9	1	4
-7	0	0.65	11.25051379	10	1	4
-7	0	0.6	10.0476288	11	1	4
-7	0	0.55	12.71278195	12	1	4
-7	0	0.5	14.33719354	13	1	4
-7	0	0.45	12.79154765	14	1	4
-7	0	0.4	11.83387363	15	1	4
-7	0	0.35	14.8790857	16	1	4
-7	0	0.3	13.65446938	17	1	4
-7	0	0.25	11.35619222	18	1	4
-7	0	0.2	14.52339072	19	1	4
-7	0	0.15	18.46905149	20	1	4
-7	0	0.1	19.86848006	21	1	4
-7	0	0.05	20.35604995	22	1	4
-7	0	0	8.212961088	23	1	4
-6	0	1.75	9.346580928	12	1	5
-6	0	1.7	9.288215136	11	1	5
-6	0	1.65	8.871754176	10	1	5
-6	0	1.6	11.28583757	9	1	5
-6	0	1.55	17.64577613	8	1	5
-6	0	1.5	17.74350835	7	1	5
-6	0	1.45	18.0516721	6	1	5
-6	0	1.4	18.53651434	5	1	5
-6	0	1.35	18.53651434	4	1	5
-6	0	1.3	15.51041741	3	1	5
-6	0	1.25	19.5685079	2	1	5
-6	0	1.2	20.0952576	1	1	5
-6	0	1.15	19.8456264	0	1	5
-6	0	1.1	22.03548883	0	1	5
-6	0	1.05	21.40668432	1	1	5
-6	0	1	6.601541472	2	1	5
-6	0	0.95	6.02857728	3	1	5
-6	0	0.9	8.408278656	4	1	5
-6	0	0.85	7.340787648	5	1	5
-6	0	0.8	2.906864928	6	1	5
-6	0	0.75	7.3898352	7	1	5
-6	0	0.7	9.537748704	8	1	5
-6	0	0.65	13.01190653	9	1	5
-6	0	0.6	11.80795795	10	1	5
-6	0	0.55	10.68610666	11	1	5
-6	0	0.5	10.80793498	12	1	5
-6	0	0.45	8.924988672	13	1	5
-6	0	0.4	13.27214419	14	1	5
-6	0	0.35	12.71278195	15	1	5
-6	0	0.3	9.973699776	16	1	5
-6	0	0.25	9.016402464	17	1	5
-6	0	0.2	12.24193824	18	1	5
-6	0	0.15	12.47382029	19	1	5
-6	0	0.1	12.52998374	20	1	5
-6	0	0.05	11.72450938	21	1	5
-6	0	0	9.566304768	22	1	5
-5	0	1.75	11.13568387	12	1	6
-5	0	1.7	9.480103488	11	1	6
-5	0	1.65	9.934240032	10	1	6
-5	0	1.6	14.89578509	9	1	6
-5	0	1.55	11.3937961	8	1	6
-5	0	1.5	18.13134499	7	1	6
-5	0	1.45	14.48924112	6	1	6
-5	0	1.4	17.19189706	5	1	6
-5	0	1.35	18.53651434	4	1	6
-5	0	1.3	14.94610877	3	1	6
-5	0	1.25	16.67354803	2	1	6
-5	0	1.2	15.73963488	1	1	6
-5	0	1.15	11.65757098	0	1	6
-5	0	1.1	5.605518816	0	1	6
-5	0	1.05	9.299801376	1	1	6
-5	0	1	8.03398608	2	1	6
-5	0	0.95	5.983419456	3	1	6
-5	0	0.9	5.98923504	4	1	6
-5	0	0.85	7.120249056	5	1	6
-5	0	0.8	2.906187552	6	1	6
-5	0	0.75	6.54168528	7	1	6
-5	0	0.7	8.960745312	8	1	6
-5	0	0.65	9.584752896	9	1	6
-5	0	0.6	11.3937961	10	1	6
-5	0	0.55	8.538278688	11	1	6
-5	0	0.5	9.234525312	12	1	6
-5	0	0.45	7.607490624	13	1	6
-5	0	0.4	7.662220704	14	1	6
-5	0	0.35	8.777873664	15	1	6
-5	0	0.3	6.272279712	16	1	6
-5	0	0.25	6.467906592	17	1	6
-5	0	0.2	6.156350784	18	1	6
-5	0	0.15	8.967665088	19	1	6
-5	0	0.1	8.295090336	20	1	6
-5	0	0.05	8.755537536	21	1	6
-5	0	0	5.395180608	22	1	6
-4	0	1.75	19.06917293	5	1	7
-4	0	1.7	19.86848006	4	1	7
-4	0	1.65	15.43272653	3	1	7
-4	0	1.6	17.65273997	2	1	7
-4	0	1.55	18.43353418	1	1	7
-4	0	1.5	27.42178666	0	1	7
-4	0	1.45	14.36379264	1	1	7
-4	0	1.4	18.74596694	2	1	7
-4	0	1.35	15.2877793	3	1	7
-4	0	1.3	11.50657574	4	1	7
-4	0	1.25	7.014282048	5	1	7
-4	0	1.2	8.667320544	6	1	7
-4	0	1.15	5.642918784	7	1	7
-4	0	1.1	6.02857728	8	1	7
-4	0	1.05	4.101598944	9	1	7
-4	0	1	4.281336864	10	1	7
-4	0	0.95	5.871888288	11	1	7
-4	0	0.9	10.27255738	12	1	7
-4	0	0.85	8.543170656	13	1	7
-4	0	0.8	8.573736384	14	1	7
-4	0	0.75	8.824564224	15	1	7
-4	0	0.7	12.42710122	16	1	7
-4	0	0.65	6.43030272	17	1	7
-4	0	0.6	6.308053632	18	1	7
-4	0	0.55	7.506869184	19	1	7
-4	0	0.5	9.426239136	20	1	7
-4	0	0.45	6.694409376	21	1	7
-4	0	0.4	7.244620128	22	1	7
-4	0	0.35	3.946016736	23	1	7
-4	0	0.3	3.637343232	24	1	7
-4	0	0.25	3.660559776	25	1	7
-4	0	0.2	3.999793824	26	1	7
-4	0	0.15	4.170820032	27	1	7
-4	0	0.1	4.570297344	28	1	7
-4	0	0.05	6.554145888	29	1	7
-4	0	0	8.400091392	30	1	7
-3	0	1.75	11.74377571	11	1	8
-3	0	1.7	14.21870371	10	1	8
-3	0	1.65	21.97374912	9	1	8
-3	0	1.6	20.0952576	8	1	8
-3	0	1.55	17.55574646	7	1	8
-3	0	1.5	19.17939946	6	1	8
-3	0	1.45	19.01064298	5	1	8
-3	0	1.4	21.13398778	4	1	8
-3	0	1.35	12.88365264	3	1	8
-3	0	1.3	16.18554182	2	1	8
-3	0	1.25	17.01557021	1	1	8
-3	0	1.2	5.829706944	0	1	8
-3	0	1.15	5.841612864	1	1	8
-3	0	1.1	5.625256896	2	1	8
-3	0	1.05	1.991618496	3	1	8
-3	0	1	3.71145024	4	1	8
-3	0	0.95	8.645543424	5	1	8
-3	0	0.9	10.09069315	6	1	8
-3	0	0.85	7.276395456	7	1	8
-3	0	0.8	7.308449856	8	1	8
-3	0	0.75	10.61510227	9	1	8
-3	0	0.7	20.9812585	10	1	8
-3	0	0.65	6.356390976	11	1	8
-3	0	0.6	4.558242816	12	1	8
-3	0	0.55	6.06289536	13	1	8
-3	0	0.5	7.465294368	14	1	8
-3	0	0.45	9.350343648	15	1	8
-3	0	0.4	6.856536384	16	1	8
-3	0	0.35	3.877604352	17	1	8
-3	0	0.3	6.886090368	18	1	8
-3	0	0.25	5.530060512	19	1	8
-3	0	0.2	5.514305472	20	1	8
-3	0	0.15	10.27255738	21	1	8
-3	0	0.1	6.099331104	22	1	8
-3	0	0.05	6.622826976	23	1	8
-3	0	0	10.54503619	24	1	8
-2	0	1.75	12.38073206	12	1	9
-2	0	1.7	15.57763488	11	1	9
-2	0	1.65	15.78406608	10	1	9
-2	0	1.6	16.02916042	9	1	9
-2	0	1.55	14.8790857	8	1	9
-2	0	1.5	14.81266138	7	1	9
-2	0	1.45	18.43353418	6	1	9
-2	0	1.4	19.88974742	5	1	9
-2	0	1.35	14.58970704	4	1	9
-2	0	1.3	15.58607789	3	1	9
-2	0	1.25	18.46905149	2	1	9
-2	0	1.2	13.05028973	1	1	9
-2	0	1.15	9.102979584	0	1	9
-2	0	1.1	10.98687456	1	1	9
-2	0	1.05	10.2737808	2	1	9
-2	0	1	10.3402777	3	1	9
-2	0	0.95	11.70383126	4	1	9
-2	0	0.9	7.680639456	5	1	9
-2	0	0.85	6.505952832	6	1	9
-2	0	0.8	6.557383296	7	1	9
-2	0	0.75	6.403097952	8	1	9
-2	0	0.7	8.028004608	9	1	9
-2	0	0.65	11.8926023	10	1	9
-2	0	0.6	12.61610726	11	1	9
-2	0	0.55	8.58910176	12	1	9
-2	0	0.5	4.43770272	13	1	9
-2	0	0.45	12.72966538	14	1	9
-2	0	0.4	6.296083776	15	1	9
-2	0	0.35	8.053485696	16	1	9
-2	0	0.3	6.592823712	17	1	9
-2	0	0.25	5.518387008	18	1	9
-2	0	0.2	20.35604995	19	1	9
-2	0	0.15	16.95037622	20	1	9
-2	0	0.1	12.56831856	21	1	9
-2	0	0.05	3.331747296	22	1	9
-2	0	0	1.823713056	23	1	9
-1	0	1.75	15.0714432	11	1	10
-1	0	1.7	17.55574646	10	1	10
-1	0	1.65	11.8926023	9	1	10
-1	0	1.6	17.8190833	8	1	10
-1	0	1.55	19.86848006	7	1	10
-1	0	1.5	15.81755386	6	1	10
-1	0	1.45	12.69714528	5	1	10
-1	0	1.4	13.38881875	4	1	10
-1	0	1.35	15.83918496	3	1	10
-1	0	1.3	16.99545715	2	1	10
-1	0	1.25	12.33837619	1	1	10
-1	0	1.2	5.471921088	0	1	10
-1	0	1.15	8.871754176	1	1	10
-1	0	1.1	10.09069315	2	1	10
-1	0	1.05	9.558128736	3	1	10
-1	0	1	11.52095875	4	1	10
-1	0	0.95	10.37385014	5	1	10
-1	0	0.9	9.994084992	6	1	10
-1	0	0.85	10.27142208	7	1	10
-1	0	0.8	7.918941024	8	1	10
-1	0	0.75	6.289657344	9	1	10
-1	0	0.7	11.64223238	10	1	10
-1	0	0.65	17.46334771	11	1	10
-1	0	0.6	15.0258793	12	1	10
-1	0	0.55	7.64389008	13	1	10
-1	0	0.5	9.453094848	14	1	10
-1	0	0.45	8.975129184	15	1	10
-1	0	0.4	5.8519152	16	1	10
-1	0	0.35	5.891997024	17	1	10
-1	0	0.3	9.216766656	18	1	10
-1	0	0.25	8.848096128	19	1	10
-1	0	0.2	10.70334259	20	1	10
-1	0	0.15	8.551639584	21	1	10
-1	0	0.1	6.951366432	22	1	10
-1	0	0.05	11.49333062	23	1	10
-1	0	0	6.915900096	24	1	10
0	0	1.75	16.30770797	9	1	11
0	0	1.7	16.18554182	8	1	11
0	0	1.65	20.1093097	7	1	11
0	0	1.6	19.44026179	6	1	11
0	0	1.55	17.74350835	5	1	11
0	0	1.5	13.2343321	4	1	11
0	0	1.45	13.82515085	3	1	11
0	0	1.4	14.72417482	2	1	11
0	0	1.35	13.53416602	1	1	11
0	0	1.3	2.578116384	0	1	11
0	0	1.25	6.624194688	1	1	11
0	0	1.2	8.271457344	2	1	11
0	0	1.15	8.132441472	3	1	11
0	0	1.1	8.212961088	4	1	11
0	0	1.05	9.140595552	5	1	11
0	0	1	7.680639456	6	1	11
0	0	0.95	7.900085952	7	1	11
0	0	0.9	6.302062656	8	1	11
0	0	0.85	8.685958752	9	1	11
0	0	0.8	9.051404832	10	1	11
0	0	0.75	15.0258793	11	1	11
0	0	0.7	13.59636538	12	1	11
0	0	0.65	8.777873664	13	1	11
0	0	0.6	1.063217664	14	1	11
0	0	0.55	10.60075469	15	1	11
0	0	0.5	8.602315776	16	1	11
0	0	0.45	6.628933728	17	1	11
0	0	0.4	9.051404832	18	1	11
0	0	0.35	6.68958912	19	1	11
0	0	0.3	8.640718848	20	1	11
0	0	0.25	4.497943392	21	1	11
0	0	0.2	8.45276688	22	1	11
0	0	0.15	8.463514176	23	1	11
0	0	0.1	5.36031648	24	1	11
0	0	0.05	7.373414016	25	1	11
0	0	0	7.57913328	26	1	11
1	0	1.75	16.26488294	9	1	12
1	0	1.7	15.73963488	8	1	12
1	0	1.65	20.35124784	7	1	12
1	0	1.6	25.72121002	6	1	12
1	0	1.55	28.43740829	5	1	12
1	0	1.5	26.12626877	4	1	12
1	0	1.45	19.1326104	3	1	12
1	0	1.4	13.27214419	2	1	12
1	0	1.35	12.96107827	1	1	12
1	0	1.3	7.84981584	0	1	12
1	0	1.25	7.825557312	1	1	12
1	0	1.2	8.253821376	2	1	12
1	0	1.15	8.253821376	3	1	12
1	0	1.1	8.595948096	4	1	12
1	0	1.05	3.999793824	5	1	12
1	0	1	2.035604736	6	1	12
1	0	0.95	4.09109616	7	1	12
1	0	0.9	3.246610464	8	1	12
1	0	0.85	7.439542848	9	1	12
1	0	0.8	9.325003392	10	1	12
1	0	0.75	8.497728576	11	1	12
1	0	0.7	3.568241376	12	1	12
1	0	0.65	3.01998672	13	1	12
1	0	0.6	3.757685472	14	1	12
1	0	0.55	5.475307104	15	1	12
1	0	0.5	1.105390368	16	1	12
1	0	0.45	7.777862784	17	1	12
1	0	0.4	8.408278656	18	1	12
1	0	0.35	7.105002048	19	1	12
1	0	0.3	7.198590528	20	1	12
1	0	0.25	2.304232704	21	1	12
1	0	0.2	4.08586464	22	1	12
1	0	0.15	4.608383328	23	1	12
1	0	0.1	11.17183882	24	1	12
1	0	0.05	10.53344822	25	1	12
1	0	0	3.693809952	26	1	12
2	0	1.75	14.2006487	9	1	13
2	0	1.7	17.83890432	8	1	13
2	0	1.65	14.8790857	7	1	13
2	0	1.6	17.1190368	6	1	13
2	0	1.55	15.14287181	5	1	13
2	0	1.5	15.15084998	4	1	13
2	0	1.45	15.8001719	3	1	13
2	0	1.4	14.36379264	2	1	13
2	0	1.35	14.61689885	1	1	13
2	0	1.3	6.66272304	0	1	13
2	0	1.25	6.264991872	1	1	13
2	0	1.2	5.946301152	2	1	13
2	0	1.15	8.731673856	3	1	13
2	0	1.1	5.004579168	4	1	13
2	0	1.05	1.325801952	5	1	13
2	0	1	1.740157344	6	1	13
2	0	0.95	9.315294624	7	1	13
2	0	0.9	8.824564224	8	1	13
2	0	0.85	7.109352288	9	1	13
2	0	0.8	6.912575424	10	1	13
2	0	0.75	8.826369984	11	1	13
2	0	0.7	8.967665088	12	1	13
2	0	0.65	7.244620128	13	1	13
2	0	0.6	9.249801696	14	1	13
2	0	0.55	0.791473248	15	1	13
2	0	0.5	3.627220608	16	1	13
2	0	0.45	10.54503619	17	1	13
2	0	0.4	6.68958912	18	1	13
2	0	0.35	7.105002048	19	1	13
2	0	0.3	4.644107136	20	1	13
2	0	0.25	2.320209792	21	1	13
2	0	0.2	4.608383328	22	1	13
2	0	0.15	6.636072096	23	1	13
2	0	0.1	6.34857264	24	1	13
2	0	0.05	6.798182688	25	1	13
2	0	0	6.240519072	26	1	13
3	0	1.75	16.30176451	7	1	14
3	0	1.7	17.93533018	6	1	14
3	0	1.65	21.26946211	5	1	14
3	0	1.6	18.70068643	4	1	14
3	0	1.55	9.315294624	3	1	14
3	0	1.5	8.777873664	2	1	14
3	0	1.45	13.54300474	1	1	14
3	0	1.4	13.21926739	0	1	14
3	0	1.35	6.302062656	0	1	14
3	0	1.3	5.530060512	1	1	14
3	0	1.25	5.170138848	2	1	14
3	0	1.2	3.835708992	3	1	14
3	0	1.15	5.576531616	4	1	14
3	0	1.1	9.325003392	5	1	14
3	0	1.05	5.983419456	6	1	14
3	0	1	5.415501888	7	1	14
3	0	0.95	9.216766656	8	1	14
3	0	0.9	9.0771192	9	1	14
3	0	0.85	6.467906592	10	1	14
3	0	0.8	7.308449856	11	1	14
3	0	0.75	5.668368768	12	1	14
3	0	0.7	6.769376928	13	1	14
3	0	0.65	8.68246128	14	1	14
3	0	0.6	0.243238464	15	1	14
3	0	0.55	5.625256896	16	1	14
3	0	0.5	5.961092832	17	1	14
3	0	0.45	9.288215136	18	1	14
3	0	0.4	7.328316672	19	1	14
3	0	0.35	6.655563936	20	1	14
3	0	0.3	6.812678016	21	1	14
3	0	0.25	2.226452832	22	1	14
3	0	0.2	3.472984512	23	1	14
3	0	0.15	5.862652992	24	1	14
3	0	0.1	6.467906592	25	1	14
3	0	0.05	6.703102944	26	1	14
3	0	0	7.196274144	27	1	14
4	0	1.75	15.2904888	10	1	15
4	0	1.7	13.14874858	9	1	15
4	0	1.65	18.43353418	8	1	15
4	0	1.6	8.975129184	7	1	15
4	0	1.55	12.69714528	6	1	15
4	0	1.5	13.54300474	5	1	15
4	0	1.45	12.42710122	4	1	15
4	0	1.4	11.96683891	3	1	15
4	0	1.35	14.1193031	2	1	15
4	0	1.3	9.787716864	1	1	15
4	0	1.25	6.308053632	0	1	15
4	0	1.2	5.862652992	0	1	15
4	0	1.15	4.582922976	1	1	15
4	0	1.1	5.120426016	2	1	15
4	0	1.05	8.153853984	3	1	15
4	0	1	6.628933728	4	1	15
4	0	0.95	5.605518816	5	1	15
4	0	0.9	7.825557312	6	1	15
4	0	0.85	10.53344822	7	1	15
4	0	0.8	7.059651552	8	1	15
4	0	0.75	8.685958752	9	1	15
4	0	0.7	6.601541472	10	1	15
4	0	0.65	7.3898352	11	1	15
4	0	0.6	10.27255738	12	1	15
4	0	0.55	8.132441472	13	1	15
4	0	0.5	3.345702624	14	1	15
4	0	0.45	2.698602912	15	1	15
4	0	0.4	4.189439232	16	1	15
4	0	0.35	7.311546432	17	1	15
4	0	0.3	5.642918784	18	1	15
4	0	0.25	2.110677696	19	1	15
4	0	0.2	0.733607712	20	1	15
4	0	0.15	6.43030272	21	1	15
4	0	0.1	6.941497824	22	1	15
4	0	0.05	7.732418976	23	1	15
4	0	0	9.165845952	24	1	15
5	0	1.75	14.58970704	3	1	16
5	0	1.7	7.00007616	2	1	16
5	0	1.65	6.531566976	1	1	16
5	0	1.6	8.192682144	0	1	16
5	0	1.55	7.489923552	1	1	16
5	0	1.5	6.769376928	2	1	16
5	0	1.45	6.032792736	3	1	16
5	0	1.4	7.447892544	4	1	16
5	0	1.35	7.373414016	5	1	16
5	0	1.3	7.645244832	6	1	16
5	0	1.25	5.433921504	7	1	16
5	0	1.2	4.71956544	8	1	16
5	0	1.15	9.216766656	9	1	16
5	0	1.1	6.909490944	10	1	16
5	0	1.05	6.144511392	11	1	16
5	0	1	5.8519152	12	1	16
5	0	0.95	5.80076208	13	1	16
5	0	0.9	9.32032656	14	1	16
5	0	0.85	9.350343648	15	1	16
5	0	0.8	10.40136682	16	1	16
5	0	0.75	9.623933568	17	1	16
5	0	0.7	11.56110106	18	1	16
5	0	0.65	6.871281408	19	1	16
5	0	0.6	9.70186032	20	1	16
5	0	0.55	3.01428864	21	1	16
5	0	0.5	2.45026512	22	1	16
5	0	0.45	5.916937248	23	1	16
5	0	0.4	9.595032768	24	1	16
5	0	0.35	7.910175744	25	1	16
5	0	0.3	6.915900096	26	1	16
5	0	0.25	3.08709792	27	1	16
5	0	0.2	0.542869344	28	1	16
5	0	0.15	4.532836032	29	1	16
5	0	0.1	6.233562144	30	1	16
5	0	0.05	7.752420576	31	1	16
5	0	0	7.607490624	32	1	16
6	0	1.75	13.7677847	3	1	17
6	0	1.7	12.48103901	2	1	17
6	0	1.65	14.32800835	1	1	17
6	0	1.6	7.571435904	0	1	17
6	0	1.55	6.166534752	1	1	17
6	0	1.5	6.121838304	2	1	17
6	0	1.45	5.862254688	3	1	17
6	0	1.4	5.089012704	4	1	17
6	0	1.35	9.64545408	5	1	17
6	0	1.3	10.9933753	6	1	17
6	0	1.25	4.617262656	7	1	17
6	0	1.2	4.075441344	8	1	17
6	0	1.15	5.983419456	9	1	17
6	0	1.1	6.900963264	10	1	17
6	0	1.05	6.895643616	11	1	17
6	0	1	5.0238144	12	1	17
6	0	0.95	5.153461056	13	1	17
6	0	0.9	9.165845952	14	1	17
6	0	0.85	6.21355104	15	1	17
6	0	0.8	6.617166048	16	1	17
6	0	0.75	2.224660032	17	1	17
6	0	0.7	6.467906592	18	1	17
6	0	0.65	7.02973728	19	1	17
6	0	0.6	5.334463008	20	1	17
6	0	0.55	5.26672368	21	1	17
6	0	0.5	4.388936832	22	1	17
6	0	0.45	7.396170912	23	1	17
6	0	0.4	10.14689981	24	1	17
6	0	0.35	11.20958179	25	1	17
6	0	0.3	11.09711059	26	1	17
6	0	0.25	4.976862912	27	1	17
6	0	0.2	0.515382912	28	1	17
6	0	0.15	4.967119584	29	1	17
6	0	0.1	6.332129856	30	1	17
6	0	0.05	8.711205696	31	1	17
6	0	0	8.777873664	32	1	17
7	0	1.75	17.69499216	3	1	18
7	0	1.7	17.78763629	2	1	18
7	0	1.65	12.58310506	1	1	18
7	0	1.6	5.176593792	0	1	18
7	0	1.55	5.064407712	1	1	18
7	0	1.5	6.386162688	2	1	18
7	0	1.45	5.587892352	3	1	18
7	0	1.4	4.801448448	4	1	18
7	0	1.35	0.180163008	5	1	18
7	0	1.3	2.248808832	6	1	18
7	0	1.25	7.112189664	7	1	18
7	0	1.2	5.242960224	8	1	18
7	0	1.15	5.535714528	9	1	18
7	0	1.1	8.808174144	10	1	18
7	0	1.05	10.29526848	11	1	18
7	0	1	8.9879328	12	1	18
7	0	0.95	6.446752416	13	1	18
7	0	0.9	7.549863552	14	1	18
7	0	0.85	10.48592131	15	1	18
7	0	0.8	7.25411808	16	1	18
7	0	0.75	0.89120304	17	1	18
7	0	0.7	2.632025664	18	1	18
7	0	0.65	9.679311648	19	1	18
7	0	0.6	4.949481888	20	1	18
7	0	0.55	3.517857216	21	1	18
7	0	0.5	7.143247872	22	1	18
7	0	0.45	6.508502496	23	1	18
7	0	0.4	3.544536672	24	1	18
7	0	0.35	5.624898336	25	1	18
7	0	0.3	9.934030944	26	1	18
7	0	0.25	12.58310506	27	1	18
7	0	0.2	11.32044077	28	1	18
7	0	0.15	6.949249632	29	1	18
7	0	0.1	6.362244576	30	1	18
7	0	0.05	7.82681184	31	1	18
7	0	0	7.019500608	32	1	18
8	0	1.75	19.44026179	3	1	19
8	0	1.7	14.81266138	2	1	19
8	0	1.65	0.468623232	1	1	19
8	0	1.6	6.099331104	0	1	19
8	0	1.55	6.405474816	1	1	19
8	0	1.5	6.694409376	2	1	19
8	0	1.45	5.812375968	3	1	19
8	0	1.4	0.781732512	4	1	19
8	0	1.35	9.051404832	5	1	19
8	0	1.3	6.02857728	6	1	19
8	0	1.25	5.079722976	7	1	19
8	0	1.2	6.21355104	8	1	19
8	0	1.15	11.17183882	9	1	19
8	0	1.1	15.36127805	10	1	19
8	0	1.05	4.691844	11	1	19
8	0	1	6.010935264	12	1	19
8	0	0.95	7.294853952	13	1	19
8	0	0.9	10.96558992	14	1	19
8	0	0.85	5.317365312	15	1	19
8	0	0.8	2.58172704	16	1	19
8	0	0.75	4.617262656	17	1	19
8	0	0.7	9.859388256	18	1	19
8	0	0.65	4.570297344	19	1	19
8	0	0.6	1.507626432	20	1	19
8	0	0.55	2.536871616	21	1	19
8	0	0.5	7.18189632	22	1	19
8	0	0.45	4.88554416	23	1	19
8	0	0.4	4.110515424	24	1	19
8	0	0.35	10.66892602	25	1	19
8	0	0.3	10.11596342	26	1	19
8	0	0.25	5.087811744	27	1	19
8	0	0.2	4.465488096	28	1	19
8	0	0.15	7.273094976	29	1	19
8	0	0.1	7.937885088	30	1	19
8	0	0.05	7.13202192	31	1	19
8	0	0	8.386209504	32	1	19
9	0	1.75	12.60412618	7	1	20
9	0	1.7	12.76167744	6	1	20
9	0	1.65	12.59121197	5	1	20
9	0	1.6	15.21498038	4	1	20
9	0	1.55	10.27255738	3	1	20
9	0	1.5	10.5438361	2	1	20
9	0	1.45	7.089820704	1	1	20
9	0	1.4	5.625256896	0	1	20
9	0	1.35	6.09760656	0	1	20
9	0	1.3	6.260445504	1	1	20
9	0	1.25	12.72791664	2	1	20
9	0	1.2	13.7677847	3	1	20
9	0	1.15	14.58970704	4	1	20
9	0	1.1	10.27255738	5	1	20
9	0	1.05	10.30445971	6	1	20
9	0	1	4.739567904	7	1	20
9	0	0.95	5.567174496	8	1	20
9	0	0.9	5.746665312	9	1	20
9	0	0.85	6.494198976	10	1	20
9	0	0.8	9.70186032	11	1	20
9	0	0.75	3.221394624	12	1	20
9	0	0.7	3.179249568	13	1	20
9	0	0.65	8.042554368	14	1	20
9	0	0.6	3.042995904	15	1	20
9	0	0.55	1.994214816	16	1	20
9	0	0.5	4.7790648	17	1	20
9	0	0.45	7.406330688	18	1	20
9	0	0.4	6.19406352	19	1	20
9	0	0.35	9.000410688	20	1	20
9	0	0.3	8.132441472	21	1	20
9	0	0.25	5.475307104	22	1	20
9	0	0.2	7.9569216	23	1	20
9	0	0.15	7.8892488	24	1	20
9	0	0.1	7.037766432	25	1	20
9	0	0.05	7.592760288	26	1	20
9	0	0	7.324583328	27	1	20
0	-6	1.75	6.332129856	10	2	1
0	-6	1.7	8.336774016	9	2	1
0	-6	1.65	10.24085203	8	2	1
0	-6	1.6	12.56831856	7	2	1
0	-6	1.55	9.617495904	6	2	1
0	-6	1.5	13.49382931	5	2	1
0	-6	1.45	17.10327917	4	2	1
0	-6	1.4	16.30176451	3	2	1
0	-6	1.35	12.82332816	2	2	1
0	-6	1.3	11.8926023	1	2	1
0	-6	1.25	6.773477472	0	2	1
0	-6	1.2	9.090510336	1	2	1
0	-6	1.15	10.08521626	2	2	1
0	-6	1.1	9.673574688	3	2	1
0	-6	1.05	9.787716864	4	2	1
0	-6	1	9.64545408	5	2	1
0	-6	0.95	9.984830688	6	2	1
0	-6	0.9	11.33030506	7	2	1
0	-6	0.85	7.430571936	8	2	1
0	-6	0.8	9.8312184	9	2	1
0	-6	0.75	11.48109379	10	2	1
0	-6	0.7	8.150882688	11	2	1
0	-6	0.65	2.642800608	12	2	1
0	-6	0.6	7.592760288	13	2	1
0	-6	0.55	4.571023968	14	2	1
0	-6	0.5	6.743976192	15	2	1
0	-6	0.45	4.317764832	16	2	1
0	-6	0.4	6.507425088	17	2	1
0	-6	0.35	11.37062621	18	2	1
0	-6	0.3	11.92218653	19	2	1
0	-6	0.25	7.716363264	20	2	1
0	-6	0.2	5.334463008	21	2	1
0	-6	0.15	2.7402624	22	2	1
0	-6	0.1	2.16187056	23	2	1
0	-6	0.05	6.66272304	24	2	1
0	-6	0	7.07470416	25	2	1
0	-5	1.75	24.76146413	8	2	2
0	-5	1.7	26.33362013	7	2	2
0	-5	1.65	23.73052637	6	2	2
0	-5	1.6	18.85247827	5	2	2
0	-5	1.55	17.9502575	4	2	2
0	-5	1.5	17.64912845	3	2	2
0	-5	1.45	16.42592131	2	2	2
0	-5	1.4	17.37841565	1	2	2
0	-5	1.35	12.69527126	0	2	2
0	-5	1.3	9.453094848	1	2	2
0	-5	1.25	12.1028256	2	2	2
0	-5	1.2	11.64223238	3	2	2
0	-5	1.15	5.642918784	4	2	2
0	-5	1.1	5.530060512	5	2	2
0	-5	1.05	3.872904192	6	2	2
0	-5	1	7.770576672	7	2	2
0	-5	0.95	8.848096128	8	2	2
0	-5	0.9	10.30445971	9	2	2
0	-5	0.85	6.7577112	10	2	2
0	-5	0.8	1.734218208	11	2	2
0	-5	0.75	4.557741696	12	2	2
0	-5	0.7	2.113398432	13	2	2
0	-5	0.65	1.410880896	14	2	2
0	-5	0.6	2.973151008	15	2	2
0	-5	0.55	7.447892544	16	2	2
0	-5	0.5	10.70334259	17	2	2
0	-5	0.45	6.799254048	18	2	2
0	-5	0.4	5.633337888	19	2	2
0	-5	0.35	5.325243264	20	2	2
0	-5	0.3	4.248864288	21	2	2
0	-5	0.25	5.160242592	22	2	2
0	-5	0.2	7.2604728	23	2	2
0	-5	0.15	7.259338368	24	2	2
0	-5	0.1	8.295090336	25	2	2
0	-5	0.05	6.192142848	26	2	2
0	-5	0	4.88554416	27	2	2
0	-4	1.75	15.22034928	9	2	3
0	-4	1.7	18.79497562	8	2	3
0	-4	1.65	19.51785936	7	2	3
0	-4	1.6	17.28143856	6	2	3
0	-4	1.55	18.40067539	5	2	3
0	-4	1.5	19.86848006	4	2	3
0	-4	1.45	13.59636538	3	2	3
0	-4	1.4	14.68157616	2	2	3
0	-4	1.35	15.43272653	1	2	3
0	-4	1.3	10.05465485	0	2	3
0	-4	1.25	8.640718848	1	2	3
0	-4	1.2	9.288215136	2	2	3
0	-4	1.15	10.20934195	3	2	3
0	-4	1.1	9.453094848	4	2	3
0	-4	1.05	11.09976221	5	2	3
0	-4	1	10.77284448	6	2	3
0	-4	0.95	12.67915075	7	2	3
0	-4	0.9	10.3402777	8	2	3
0	-4	0.85	5.421627648	9	2	3
0	-4	0.8	5.956976736	10	2	3
0	-4	0.75	8.17250256	11	2	3
0	-4	0.7	2.707750944	12	2	3
0	-4	0.65	3.983972256	13	2	3
0	-4	0.6	2.558163168	14	2	3
0	-4	0.55	7.109352288	15	2	3
0	-4	0.5	4.870649664	16	2	3
0	-4	0.45	3.686707008	17	2	3
0	-4	0.4	5.821116192	18	2	3
0	-4	0.35	3.681043488	19	2	3
0	-4	0.3	4.637367072	20	2	3
0	-4	0.25	5.317365312	21	2	3
0	-4	0.2	7.006899168	22	2	3
0	-4	0.15	10.80793498	23	2	3
0	-4	0.1	14.17964141	24	2	3
0	-4	0.05	13.38881875	25	2	3
0	-4	0	13.59850896	26	2	3
0	-3	1.75	13.01190653	8	2	4
0	-3	1.7	11.52095875	7	2	4
0	-3	1.65	15.97572979	6	2	4
0	-3	1.6	18.85247827	5	2	4
0	-3	1.55	14.81266138	4	2	4
0	-3	1.5	14.89578509	3	2	4
0	-3	1.45	17.19189706	2	2	4
0	-3	1.4	15.81755386	1	2	4
0	-3	1.35	9.333435168	0	2	4
0	-3	1.3	9.37298304	1	2	4
0	-3	1.25	9.274734144	2	2	4
0	-3	1.2	8.848096128	3	2	4
0	-3	1.15	9.102979584	4	2	4
0	-3	1.1	9.845804448	5	2	4
0	-3	1.05	9.216766656	6	2	4
0	-3	1	8.967665088	7	2	4
0	-3	0.95	11.76608592	8	2	4
0	-3	0.9	9.425209248	9	2	4
0	-3	0.85	13.21926739	10	2	4
0	-3	0.8	15.65111376	11	2	4
0	-3	0.75	10.98687456	12	2	4
0	-3	0.7	10.53344822	13	2	4
0	-3	0.65	6.841854432	14	2	4
0	-3	0.6	3.894408288	15	2	4
0	-3	0.55	3.74073984	16	2	4
0	-3	0.5	0.985968288	17	2	4
0	-3	0.45	6.155911008	18	2	4
0	-3	0.4	3.518882784	19	2	4
0	-3	0.35	5.595339168	20	2	4
0	-3	0.3	3.038494464	21	2	4
0	-3	0.25	3.892450464	22	2	4
0	-3	0.2	6.43030272	23	2	4
0	-3	0.15	9.904585824	24	2	4
0	-3	0.1	9.294219072	25	2	4
0	-3	0.05	8.507784672	26	2	4
0	-3	0	7.937885088	27	2	4
0	-2	1.75	14.81266138	9	2	5
0	-2	1.7	18.23096765	8	2	5
0	-2	1.65	20.86815139	7	2	5
0	-2	1.6	22.72627498	6	2	5
0	-2	1.55	25.30092931	5	2	5
0	-2	1.5	24.21924192	4	2	5
0	-2	1.45	25.35830064	3	2	5
0	-2	1.4	26.75835562	2	2	5
0	-2	1.35	18.23096765	1	2	5
0	-2	1.3	11.25051379	0	2	5
0	-2	1.25	8.543170656	1	2	5
0	-2	1.2	8.801156736	2	2	5
0	-2	1.15	9.845804448	3	2	5
0	-2	1.1	9.346580928	4	2	5
0	-2	1.05	9.151399872	5	2	5
0	-2	1	9.346580928	6	2	5
0	-2	0.95	10.24085203	7	2	5
0	-2	0.9	10.66892602	8	2	5
0	-2	0.85	9.845804448	9	2	5
0	-2	0.8	10.33656077	10	2	5
0	-2	0.75	9.845804448	11	2	5
0	-2	0.7	8.0685504	12	2	5
0	-2	0.65	5.160242592	13	2	5
0	-2	0.6	2.562190272	14	2	5
0	-2	0.55	1.99874736	15	2	5
0	-2	0.5	4.93021728	16	2	5
0	-2	0.45	3.626269344	17	2	5
0	-2	0.4	6.649370784	18	2	5
0	-2	0.35	6.570368352	19	2	5
0	-2	0.3	3.028984416	20	2	5
0	-2	0.25	3.867175008	21	2	5
0	-2	0.2	4.808748384	22	2	5
0	-2	0.15	6.39313344	23	2	5
0	-2	0.1	14.05947542	24	2	5
0	-2	0.05	16.02916042	25	2	5
0	-2	0	14.17964141	26	2	5
0	-1	1.75	18.33169104	8	2	6
0	-1	1.7	16.50764275	7	2	6
0	-1	1.65	17.10327917	6	2	6
0	-1	1.6	17.83890432	5	2	6
0	-1	1.55	16.15458384	4	2	6
0	-1	1.5	23.20305005	3	2	6
0	-1	1.45	17.84997734	2	2	6
0	-1	1.4	18.23096765	1	2	6
0	-1	1.35	15.9520968	0	2	6
0	-1	1.3	7.294853952	1	2	6
0	-1	1.25	4.01820912	2	2	6
0	-1	1.2	7.558169184	3	2	6
0	-1	1.15	8.192682144	4	2	6
0	-1	1.1	9.140595552	5	2	6
0	-1	1.05	8.733315456	6	2	6
0	-1	1	10.24085203	7	2	6
0	-1	0.95	10.63473149	8	2	6
0	-1	0.9	11.44150358	9	2	6
0	-1	0.85	9.904585824	10	2	6
0	-1	0.8	9.70186032	11	2	6
0	-1	0.75	9.964072224	12	2	6
0	-1	0.7	2.40236496	13	2	6
0	-1	0.65	1.418465952	14	2	6
0	-1	0.6	10.20934195	15	2	6
0	-1	0.55	1.377726624	16	2	6
0	-1	0.5	4.878085248	17	2	6
0	-1	0.45	5.452467264	18	2	6
0	-1	0.4	10.02427834	19	2	6
0	-1	0.35	5.883042528	20	2	6
0	-1	0.3	3.983236992	21	2	6
0	-1	0.25	4.532836032	22	2	6
0	-1	0.2	3.774784896	23	2	6
0	-1	0.15	5.872630464	24	2	6
0	-1	0.1	10.30445971	25	2	6
0	-1	0.05	10.33656077	26	2	6
0	-1	0	10.80793498	27	2	6
0	0	1.75	15.0714432	10	2	7
0	0	1.7	17.55574646	9	2	7
0	0	1.65	11.8926023	8	2	7
0	0	1.6	17.8190833	7	2	7
0	0	1.55	19.86848006	6	2	7
0	0	1.5	15.81755386	5	2	7
0	0	1.45	12.69714528	4	2	7
0	0	1.4	13.38881875	3	2	7
0	0	1.35	15.83918496	2	2	7
0	0	1.3	16.99545715	1	2	7
0	0	1.25	12.33837619	0	2	7
0	0	1.2	5.471921088	1	2	7
0	0	1.15	8.871754176	2	2	7
0	0	1.1	10.09069315	3	2	7
0	0	1.05	9.558128736	4	2	7
0	0	1	11.52095875	5	2	7
0	0	0.95	10.37385014	6	2	7
0	0	0.9	9.994084992	7	2	7
0	0	0.85	10.27142208	8	2	7
0	0	0.8	7.918941024	9	2	7
0	0	0.75	6.289657344	10	2	7
0	0	0.7	11.64223238	11	2	7
0	0	0.65	17.46334771	12	2	7
0	0	0.6	15.0258793	13	2	7
0	0	0.55	7.64389008	14	2	7
0	0	0.5	9.453094848	15	2	7
0	0	0.45	8.975129184	16	2	7
0	0	0.4	5.8519152	17	2	7
0	0	0.35	5.891997024	18	2	7
0	0	0.3	9.216766656	19	2	7
0	0	0.25	8.848096128	20	2	7
0	0	0.2	10.70334259	21	2	7
0	0	0.15	8.551639584	22	2	7
0	0	0.1	6.951366432	23	2	7
0	0	0.05	11.49333062	24	2	7
0	0	0	6.915900096	25	2	7
0	1	1.75	13.65446938	7	2	8
0	1	1.7	14.48924112	6	2	8
0	1	1.65	6.66272304	5	2	8
0	1	1.6	13.32544608	4	2	8
0	1	1.55	11.97847008	3	2	8
0	1	1.5	12.86060544	2	2	8
0	1	1.45	17.75081088	1	2	8
0	1	1.4	13.46742202	0	2	8
0	1	1.35	12.08756304	1	2	8
0	1	1.3	7.908776928	2	2	8
0	1	1.25	9.9162144	3	2	8
0	1	1.2	9.64545408	4	2	8
0	1	1.15	9.68226048	5	2	8
0	1	1.1	14.36379264	6	2	8
0	1	1.05	16.81655731	7	2	8
0	1	1	3.348169344	8	2	8
0	1	0.95	5.511687552	9	2	8
0	1	0.9	7.627669344	10	2	8
0	1	0.85	7.197475104	11	2	8
0	1	0.8	8.014579776	12	2	8
0	1	0.75	7.976047968	13	2	8
0	1	0.7	9.922813632	14	2	8
0	1	0.65	11.95430227	15	2	8
0	1	0.6	11.85012893	16	2	8
0	1	0.55	10.20934195	17	2	8
0	1	0.5	5.351671296	18	2	8
0	1	0.45	4.388936832	19	2	8
0	1	0.4	5.447261664	20	2	8
0	1	0.35	5.76741168	21	2	8
0	1	0.3	6.798182688	22	2	8
0	1	0.25	5.031726048	23	2	8
0	1	0.2	4.713119136	24	2	8
0	1	0.15	6.364832256	25	2	8
0	1	0.1	8.754712416	26	2	8
0	1	0.05	0.0489888	27	2	8
0	1	0	0.667462464	28	2	8
0	2	1.75	19.98816912	2	2	9
0	2	1.7	15.01373837	1	2	9
0	2	1.65	12.69714528	0	2	9
0	2	1.6	10.24085203	1	2	9
0	2	1.55	9.191235456	2	2	9
0	2	1.5	10.95061421	3	2	9
0	2	1.45	14.17964141	4	2	9
0	2	1.4	13.53416602	5	2	9
0	2	1.35	9.159519744	6	2	9
0	2	1.3	4.042441728	7	2	9
0	2	1.25	2.902039488	8	2	9
0	2	1.2	9.115484256	9	2	9
0	2	1.15	8.711205696	10	2	9
0	2	1.1	11.44150358	11	2	9
0	2	1.05	7.825557312	12	2	9
0	2	1	5.160242592	13	2	9
0	2	0.95	1.490590944	14	2	9
0	2	0.9	3.133812672	15	2	9
0	2	0.85	6.021844128	16	2	9
0	2	0.8	6.869639808	17	2	9
0	2	0.75	7.699146336	18	2	9
0	2	0.7	12.28902278	19	2	9
0	2	0.65	13.65446938	20	2	9
0	2	0.6	18.23096765	21	2	9
0	2	0.55	10.30692211	22	2	9
0	2	0.5	9.294219072	23	2	9
0	2	0.45	6.68958912	24	2	9
0	2	0.4	4.922902656	25	2	9
0	2	0.35	12.06558634	26	2	9
0	2	0.3	10.89452333	27	2	9
0	2	0.25	9.566304768	28	2	9
0	2	0.2	6.649370784	29	2	9
0	2	0.15	4.832761536	30	2	9
0	2	0.1	2.077437888	31	2	9
0	2	0.05	0.58539888	32	2	9
0	2	0	1.871167392	33	2	9
0	3	1.75	15.36127805	7	2	10
0	3	1.7	14.8790857	6	2	10
0	3	1.65	16.10697139	5	2	10
0	3	1.6	13.98750509	4	2	10
0	3	1.55	12.42710122	3	2	10
0	3	1.5	12.76167744	2	2	10
0	3	1.45	11.5348225	1	2	10
0	3	1.4	9.016402464	0	2	10
0	3	1.35	10.75289472	1	2	10
0	3	1.3	13.37917824	2	2	10
0	3	1.25	11.05586842	3	2	10
0	3	1.2	9.904585824	4	2	10
0	3	1.15	9.845804448	5	2	10
0	3	1.1	6.668461728	6	2	10
0	3	1.05	7.862644512	7	2	10
0	3	1	2.320209792	8	2	10
0	3	0.95	4.344604128	9	2	10
0	3	0.9	3.919050432	10	2	10
0	3	0.85	5.812375968	11	2	10
0	3	0.8	7.357064544	12	2	10
0	3	0.75	6.132717792	13	2	10
0	3	0.7	20.48170493	14	2	10
0	3	0.65	18.33169104	15	2	10
0	3	0.6	26.75835562	16	2	10
0	3	0.55	13.59850896	17	2	10
0	3	0.5	6.272279712	18	2	10
0	3	0.45	1.9892304	19	2	10
0	3	0.4	13.83180019	20	2	10
0	3	0.35	14.55279005	21	2	10
0	3	0.3	4.25452176	22	2	10
0	3	0.25	5.112536832	23	2	10
0	3	0.2	2.586614688	24	2	10
0	3	0.15	1.81954944	25	2	10
0	3	0.1	4.526652384	26	2	10
0	3	0.05	10.33656077	27	2	10
0	3	0	9.994084992	28	2	10
0	4	1.75	19.06917293	7	2	11
0	4	1.7	22.34367763	6	2	11
0	4	1.65	23.70025786	5	2	11
0	4	1.6	17.55574646	4	2	11
0	4	1.55	15.65111376	3	2	11
0	4	1.5	19.40371978	2	2	11
0	4	1.45	16.92875549	1	2	11
0	4	1.4	4.893858432	0	2	11
0	4	1.35	5.208847776	1	2	11
0	4	1.3	7.540991136	2	2	11
0	4	1.25	13.43334499	3	2	11
0	4	1.2	19.75021488	4	2	11
0	4	1.15	11.09711059	5	2	11
0	4	1.1	7.164004608	6	2	11
0	4	1.05	3.51114912	7	2	11
0	4	1	11.56110106	8	2	11
0	4	0.95	9.208828224	9	2	11
0	4	0.9	6.661339776	10	2	11
0	4	0.85	6.694409376	11	2	11
0	4	0.8	7.321119552	12	2	11
0	4	0.75	7.558169184	13	2	11
0	4	0.7	12.02186966	14	2	11
0	4	0.65	17.74350835	15	2	11
0	4	0.6	18.90618883	16	2	11
0	4	0.55	10.05465485	17	2	11
0	4	0.5	9.140595552	18	2	11
0	4	0.45	11.76608592	19	2	11
0	4	0.4	8.092770912	20	2	11
0	4	0.35	5.10406704	21	2	11
0	4	0.3	3.496349664	22	2	11
0	4	0.25	3.118455072	23	2	11
0	4	0.2	4.447770048	24	2	11
0	4	0.15	6.455323296	25	2	11
0	4	0.1	4.0342752	26	2	11
0	4	0.05	7.294853952	27	2	11
0	4	0	13.16680963	28	2	11
0	5	1.75	17.93533018	3	2	12
0	5	1.7	15.36127805	2	2	12
0	5	1.65	15.43272653	1	2	12
0	5	1.6	13.11476746	0	2	12
0	5	1.55	10.71939658	1	2	12
0	5	1.5	10.05465485	2	2	12
0	5	1.45	7.523891712	3	2	12
0	5	1.4	6.583405248	4	2	12
0	5	1.35	7.489923552	5	2	12
0	5	1.3	11.93538154	6	2	12
0	5	1.25	12.19866221	7	2	12
0	5	1.2	10.43407613	8	2	12
0	5	1.15	7.089820704	9	2	12
0	5	1.1	7.662900672	10	2	12
0	5	1.05	6.431638464	11	2	12
0	5	1	9.528921216	12	2	12
0	5	0.95	7.66353312	13	2	12
0	5	0.9	7.244055072	14	2	12
0	5	0.85	7.35240672	15	2	12
0	5	0.8	7.168596768	16	2	12
0	5	0.75	12.61610726	17	2	12
0	5	0.7	12.28902278	18	2	12
0	5	0.65	13.27214419	19	2	12
0	5	0.6	22.98666125	20	2	12
0	5	0.55	9.816674688	21	2	12
0	5	0.5	6.740813952	22	2	12
0	5	0.45	4.086251712	23	2	12
0	5	0.4	6.09760656	24	2	12
0	5	0.35	6.38083872	25	2	12
0	5	0.3	3.991794048	26	2	12
0	5	0.25	3.449101824	27	2	12
0	5	0.2	6.65655408	28	2	12
0	5	0.15	7.9569216	29	2	12
0	5	0.1	5.042608128	30	2	12
0	5	0.05	6.743976192	31	2	12
0	5	0	10.14689981	32	2	12
0	6	1.75	17.82863395	3	2	13
0	6	1.7	17.19189706	2	2	13
0	6	1.65	16.50764275	1	2	13
0	6	1.6	13.88299651	0	2	13
0	6	1.55	10.17802454	1	2	13
0	6	1.5	13.60049962	2	2	13
0	6	1.45	14.24049811	3	2	13
0	6	1.4	9.0771192	4	2	13
0	6	1.35	10.24085203	5	2	13
0	6	1.3	14.8790857	6	2	13
0	6	1.25	12.91064659	7	2	13
0	6	1.2	8.053485696	8	2	13
0	6	1.15	4.691844	9	2	13
0	6	1.1	8.421411456	10	2	13
0	6	1.05	6.785349696	11	2	13
0	6	1	7.646502816	12	2	13
0	6	0.95	4.270316544	13	2	13
0	6	0.9	6.66272304	14	2	13
0	6	0.85	8.357773536	15	2	13
0	6	0.8	8.31141648	16	2	13
0	6	0.75	8.173221408	17	2	13
0	6	0.7	7.473053952	18	2	13
0	6	0.65	6.377536512	19	2	13
0	6	0.6	12.96107827	20	2	13
0	6	0.55	10.73798122	21	2	13
0	6	0.5	12.76167744	22	2	13
0	6	0.45	5.300377344	23	2	13
0	6	0.4	9.369929664	24	2	13
0	6	0.35	6.636072096	25	2	13
0	6	0.3	7.373414016	26	2	13
0	6	0.25	7.752420576	27	2	13
0	6	0.2	5.701092768	28	2	13
0	6	0.15	7.406330688	29	2	13
0	6	0.1	4.997042496	30	2	13
0	6	0.05	5.128340256	31	2	13
0	6	0	1.803420288	32	2	13
